%YAML:1.0
---
model_type: MEI
camera_name: camera
image_width: 752
image_height: 480
mirror_parameters:
   xi: 1.8087217573513699e+00
distortion_parameters:
   k1: -5.5722149398730970e-02
   k2: 5.2830313708627064e-01
   p1: -3.5759477628336721e-04
   p2: -2.5507955155386390e-04
projection_parameters:
   gamma1: 1.3182310349674190e+03
   gamma2: 1.3201698352651651e+03
   u0: 3.5263370550000445e+02
   v0: 2.2968719113611769e+02
