%YAML:1.0
---
model_type: KANNALA_BRANDT
camera_name: camera
image_width: 752
image_height: 480
projection_parameters:
   k2: 3.0514929333970435e-03
   k3: 1.1408907470112554e-02
   k4: -1.8120028556338826e-02
   k5: 1.3690329192990333e-02
   mu: 4.6936828350396729e+02
   mv: 4.7009150903673395e+02
   u0: 3.5252230051016619e+02
   v0: 2.2951671053317494e+02
